18.102	-12.963	0.141	0.018
18.215	-12.921	0.141	0.039
18.320	-12.876	0.142	0.061
18.427	-12.822	0.143	0.087
18.549	-12.753	0.144	0.121
18.658	-12.686	0.145	0.154
18.760	-12.613	0.146	0.191
18.862	-12.541	0.148	0.226
18.965	-12.459	0.149	0.267
19.069	-12.374	0.150	0.310
19.173	-12.288	0.152	0.354
19.287	-12.190	0.154	0.403
19.390	-12.095	0.155	0.451
19.492	-11.996	0.157	0.502
19.612	-11.877	0.159	0.563
19.712	-11.772	0.161	0.616
19.821	-11.652	0.163	0.679
19.925	-11.536	0.166	0.739
20.026	-11.419	0.168	0.800
20.129	-11.301	0.170	0.862
20.243	-11.160	0.173	0.937
20.346	-11.039	0.175	1.001
20.460	-10.898	0.178	1.077
20.560	-10.769	0.181	1.147
20.661	-10.635	0.184	1.219
20.782	-10.475	0.187	1.307
20.885	-10.331	0.190	1.386
20.989	-10.187	0.193	1.467
21.105	-10.057	0.196	1.539
21.211	-9.944	0.199	1.603
21.312	-9.833	0.201	1.666
21.413	-9.727	0.204	1.726
21.531	-9.610	0.207	1.794
21.633	-9.509	0.209	1.852
21.750	-9.399	0.212	1.916
21.854	-9.303	0.214	1.972
21.968	-9.201	0.217	2.032
22.076	-9.102	0.219	2.092
22.180	-9.011	0.221	2.145
22.302	-8.907	0.224	2.208
22.403	-8.819	0.226	2.261
22.503	-8.736	0.229	2.311
22.621	-8.643	0.231	2.368
22.738	-8.550	0.234	2.425
22.849	-8.462	0.236	2.479
22.959	-8.382	0.238	2.529
23.070	-8.300	0.240	2.580
23.188	-8.214	0.243	2.634
23.291	-8.140	0.245	2.681
23.410	-8.060	0.247	2.732
23.528	-7.981	0.249	2.782
23.638	-7.908	0.251	2.829
23.746	-7.842	0.253	2.872
23.846	-7.779	0.255	2.912
23.964	-7.707	0.257	2.959
24.069	-7.648	0.259	2.998
24.177	-7.596	0.261	3.032
24.290	-7.532	0.263	3.074
24.398	-7.477	0.264	3.111
24.511	-7.424	0.266	3.146
24.612	-7.377	0.267	3.177
24.715	-7.330	0.269	3.209
24.829	-7.283	0.270	3.240
24.933	-7.241	0.272	3.269
25.036	-7.202	0.273	3.295
25.151	-7.160	0.274	3.324
25.255	-7.123	0.275	3.349
25.374	-7.084	0.276	3.376
25.482	-7.050	0.278	3.399
25.589	-7.018	0.279	3.421
25.690	-6.990	0.279	3.440
25.792	-6.964	0.280	3.459
25.895	-6.938	0.281	3.476
26.002	-6.914	0.282	3.493
26.112	-6.889	0.283	3.511
26.216	-6.868	0.283	3.525
26.327	-6.847	0.284	3.540
26.436	-6.828	0.285	3.553
26.538	-6.811	0.285	3.565
26.638	-6.796	0.286	3.576
26.746	-6.782	0.286	3.585
26.855	-6.769	0.287	3.594
26.956	-6.759	0.287	3.601
27.066	-6.744	0.288	3.612
27.187	-6.725	0.288	3.626
27.290	-6.709	0.289	3.637
27.398	-6.692	0.289	3.648
27.499	-6.677	0.290	3.660
27.603	-6.661	0.290	3.671
27.705	-6.645	0.291	3.682
27.810	-6.629	0.291	3.693
27.911	-6.613	0.292	3.705
28.019	-6.597	0.292	3.716
28.119	-6.581	0.293	3.728
28.227	-6.564	0.294	3.740
28.329	-6.546	0.294	3.752
28.432	-6.530	0.295	3.764
28.534	-6.513	0.295	3.776
28.640	-6.496	0.296	3.789
28.740	-6.479	0.296	3.801
28.847	-6.461	0.297	3.814
28.947	-6.445	0.298	3.826
29.048	-6.427	0.298	3.838
29.149	-6.410	0.299	3.851
29.252	-6.393	0.299	3.863
29.353	-6.375	0.300	3.876
29.457	-6.358	0.301	3.889
29.559	-6.340	0.301	3.902
29.663	-6.321	0.302	3.916
29.763	-6.303	0.302	3.929
29.871	-6.285	0.303	3.942
29.978	-6.266	0.304	3.956
30.080	-6.251	0.304	3.967
30.189	-6.236	0.305	3.978
30.290	-6.224	0.305	3.987
30.391	-6.211	0.306	3.997
30.504	-6.198	0.306	4.006
30.611	-6.186	0.307	4.015
30.714	-6.176	0.307	4.023
30.815	-6.166	0.307	4.030
30.916	-6.157	0.308	4.037
31.018	-6.148	0.308	4.044
31.127	-6.139	0.308	4.050
31.230	-6.131	0.309	4.056
31.334	-6.125	0.309	4.061
31.438	-6.118	0.309	4.066
31.538	-6.112	0.309	4.070
31.656	-6.106	0.309	4.074
31.757	-6.102	0.310	4.078
31.863	-6.098	0.310	4.081
31.966	-6.095	0.310	4.083
32.069	-6.091	0.310	4.086
32.171	-6.087	0.310	4.089
32.280	-6.084	0.310	4.092
32.380	-6.080	0.310	4.094
32.486	-6.078	0.310	4.096
32.588	-6.075	0.311	4.098
32.694	-6.073	0.311	4.099
32.795	-6.072	0.311	4.101
32.904	-6.070	0.311	4.102
33.025	-6.069	0.311	4.103
33.137	-6.067	0.311	4.104
33.242	-6.065	0.311	4.105
33.346	-6.064	0.311	4.106
33.461	-6.062	0.311	4.107
33.561	-6.061	0.311	4.108
33.662	-6.061	0.311	4.109
33.769	-6.060	0.311	4.109
33.879	-6.059	0.311	4.110
33.985	-6.059	0.311	4.110
34.099	-6.059	0.311	4.110
34.203	-6.060	0.311	4.110
34.317	-6.060	0.311	4.109
34.427	-6.062	0.311	4.108
34.534	-6.063	0.311	4.107
34.637	-6.064	0.311	4.106
34.739	-6.066	0.311	4.105
34.858	-6.069	0.311	4.103
34.964	-6.071	0.311	4.101
35.075	-6.075	0.311	4.098
35.183	-6.079	0.310	4.095
35.284	-6.084	0.310	4.091
35.385	-6.090	0.310	4.087
35.489	-6.096	0.310	4.082
35.592	-6.102	0.310	4.078
35.711	-6.111	0.309	4.071
35.816	-6.118	0.309	4.066
35.938	-6.128	0.309	4.058
36.047	-6.138	0.308	4.051
36.154	-6.148	0.308	4.043
36.254	-6.159	0.308	4.035
36.361	-6.171	0.307	4.026
36.466	-6.184	0.307	4.017
36.575	-6.198	0.306	4.007
36.678	-6.211	0.306	3.996
36.790	-6.227	0.305	3.985
36.901	-6.244	0.305	3.973
37.005	-6.260	0.304	3.961
37.115	-6.274	0.304	3.950
37.229	-6.293	0.303	3.936
37.332	-6.309	0.302	3.925
37.434	-6.325	0.302	3.913
37.538	-6.343	0.301	3.900
37.642	-6.360	0.301	3.887
37.754	-6.380	0.300	3.873
37.859	-6.398	0.299	3.860
37.960	-6.417	0.299	3.846
38.065	-6.433	0.298	3.834
38.177	-6.449	0.297	3.823
38.280	-6.463	0.297	3.812
38.401	-6.480	0.296	3.800
38.506	-6.494	0.296	3.790
38.611	-6.508	0.295	3.780
38.713	-6.521	0.295	3.771
38.820	-6.534	0.295	3.762
38.923	-6.546	0.294	3.753
39.028	-6.557	0.294	3.745
39.131	-6.565	0.294	3.739
39.241	-6.572	0.293	3.734
39.359	-6.578	0.293	3.730
39.462	-6.583	0.293	3.726
39.569	-6.586	0.293	3.724
39.672	-6.588	0.293	3.722
39.773	-6.590	0.293	3.722
39.875	-6.590	0.293	3.722
39.978	-6.589	0.293	3.722
40.082	-6.586	0.293	3.724
40.185	-6.582	0.293	3.727
40.291	-6.577	0.293	3.731
40.392	-6.570	0.293	3.736
40.507	-6.561	0.294	3.742
40.610	-6.552	0.294	3.748
40.728	-6.540	0.294	3.757
40.830	-6.528	0.295	3.765
40.934	-6.516	0.295	3.775
41.048	-6.502	0.296	3.785
41.151	-6.490	0.296	3.793
41.252	-6.476	0.297	3.803
41.353	-6.463	0.297	3.812
41.461	-6.447	0.298	3.824
41.563	-6.433	0.298	3.834
41.670	-6.416	0.299	3.846
41.775	-6.400	0.299	3.858
41.880	-6.383	0.300	3.871
41.993	-6.364	0.300	3.885
42.111	-6.347	0.301	3.897
42.216	-6.332	0.302	3.908
42.324	-6.317	0.302	3.919
42.436	-6.302	0.303	3.930
42.539	-6.287	0.303	3.941
42.647	-6.272	0.304	3.951
42.747	-6.258	0.304	3.962
42.851	-6.244	0.305	3.972
42.957	-6.230	0.305	3.983
43.066	-6.217	0.306	3.992
43.167	-6.206	0.306	4.001
43.278	-6.194	0.306	4.009
43.382	-6.184	0.307	4.017
43.502	-6.172	0.307	4.025
43.604	-6.163	0.307	4.032
43.717	-6.154	0.308	4.039
43.817	-6.146	0.308	4.045
43.941	-6.137	0.308	4.052
44.060	-6.128	0.309	4.058
44.165	-6.121	0.309	4.063
44.267	-6.115	0.309	4.068
44.367	-6.110	0.309	4.072
44.484	-6.104	0.310	4.076
44.588	-6.100	0.310	4.079
44.700	-6.095	0.310	4.083
44.801	-6.092	0.310	4.085
44.911	-6.089	0.310	4.088
45.028	-6.085	0.310	4.090
45.132	-6.082	0.310	4.093
45.234	-6.079	0.310	4.095
45.350	-6.076	0.310	4.097
45.450	-6.074	0.311	4.099
45.556	-6.072	0.311	4.100
45.667	-6.070	0.311	4.102
45.786	-6.068	0.311	4.103
45.886	-6.067	0.311	4.104
45.989	-6.066	0.311	4.105
46.101	-6.065	0.311	4.106
46.202	-6.063	0.311	4.107
46.304	-6.062	0.311	4.108
46.410	-6.061	0.311	4.108
46.521	-6.060	0.311	4.109
46.631	-6.059	0.311	4.110
46.748	-6.059	0.311	4.110
46.853	-6.058	0.311	4.111
46.961	-6.058	0.311	4.111
47.066	-6.057	0.311	4.111
47.169	-6.057	0.311	4.112
47.281	-6.056	0.311	4.112
47.386	-6.056	0.311	4.113
47.506	-6.055	0.311	4.113
47.623	-6.055	0.311	4.113
47.725	-6.055	0.311	4.113
47.838	-6.054	0.311	4.113
47.940	-6.054	0.311	4.114
48.040	-6.054	0.311	4.114
48.159	-6.054	0.311	4.114
48.268	-6.054	0.311	4.114
48.372	-6.053	0.311	4.114
48.474	-6.053	0.311	4.114
48.591	-6.053	0.311	4.114
48.694	-6.053	0.311	4.114
48.811	-6.053	0.311	4.115
48.913	-6.053	0.311	4.115
49.021	-6.053	0.311	4.115
49.139	-6.053	0.311	4.115
49.245	-6.053	0.311	4.115
49.356	-6.053	0.311	4.115
49.464	-6.053	0.311	4.115
49.565	-6.052	0.311	4.115
49.679	-6.052	0.311	4.115
49.781	-6.052	0.311	4.115
49.886	-6.052	0.311	4.115
50.000	-6.052	0.311	4.115
50.101	-6.053	0.311	4.114
50.216	-6.055	0.311	4.113
50.319	-6.056	0.311	4.112
50.427	-6.058	0.311	4.111
50.531	-6.059	0.311	4.110
50.646	-6.061	0.311	4.108
50.752	-6.064	0.311	4.107
50.869	-6.066	0.311	4.105
50.970	-6.069	0.311	4.103
51.079	-6.073	0.311	4.100
51.182	-6.078	0.310	4.096
51.294	-6.083	0.310	4.092
51.396	-6.089	0.310	4.088
51.512	-6.096	0.310	4.082
51.634	-6.104	0.310	4.076
51.737	-6.111	0.309	4.071
51.854	-6.120	0.309	4.064
51.961	-6.128	0.309	4.058
52.071	-6.138	0.308	4.051
52.175	-6.147	0.308	4.044
52.283	-6.158	0.308	4.036
52.404	-6.170	0.307	4.027
52.518	-6.182	0.307	4.018
52.625	-6.194	0.306	4.009
52.726	-6.206	0.306	4.000
52.830	-6.219	0.305	3.991
52.950	-6.234	0.305	3.980
53.068	-6.247	0.304	3.970
53.170	-6.258	0.304	3.962
53.278	-6.269	0.304	3.954
53.391	-6.281	0.303	3.945
53.491	-6.291	0.303	3.938
53.598	-6.301	0.303	3.930
53.701	-6.312	0.302	3.923
53.803	-6.322	0.302	3.915
53.922	-6.333	0.301	3.907
54.024	-6.342	0.301	3.900
54.134	-6.348	0.301	3.896
54.246	-6.353	0.301	3.892
54.364	-6.357	0.301	3.889
54.467	-6.360	0.301	3.887
54.568	-6.362	0.300	3.886
54.674	-6.363	0.300	3.885
54.792	-6.363	0.300	3.885
54.908	-6.362	0.300	3.886
55.022	-6.360	0.301	3.887
55.131	-6.357	0.301	3.890
55.246	-6.352	0.301	3.893
55.351	-6.347	0.301	3.897
55.462	-6.340	0.301	3.902
55.566	-6.333	0.301	3.907
55.672	-6.325	0.302	3.913
55.777	-6.316	0.302	3.920
55.893	-6.304	0.302	3.928
55.995	-6.294	0.303	3.936
56.099	-6.285	0.303	3.942
56.214	-6.275	0.303	3.950
56.332	-6.264	0.304	3.958
56.437	-6.254	0.304	3.965
56.543	-6.244	0.305	3.973
56.659	-6.232	0.305	3.981
56.768	-6.220	0.305	3.990
56.888	-6.207	0.306	3.999
57.006	-6.194	0.306	4.009
57.108	-6.186	0.307	4.015
57.210	-6.177	0.307	4.022
57.310	-6.169	0.307	4.028
57.419	-6.161	0.307	4.034
57.522	-6.153	0.308	4.040
57.627	-6.145	0.308	4.045
57.727	-6.138	0.308	4.051
57.839	-6.131	0.309	4.056
57.945	-6.124	0.309	4.062
58.051	-6.118	0.309	4.066
58.154	-6.112	0.309	4.070
58.260	-6.107	0.309	4.074
58.368	-6.102	0.310	4.078
58.486	-6.097	0.310	4.081
58.599	-6.093	0.310	4.085
58.704	-6.089	0.310	4.087
58.805	-6.086	0.310	4.089
58.908	-6.084	0.310	4.091
59.010	-6.081	0.310	4.093
59.125	-6.078	0.310	4.095
59.232	-6.076	0.311	4.097
59.347	-6.073	0.311	4.099
59.453	-6.071	0.311	4.101
59.567	-6.069	0.311	4.102
59.673	-6.068	0.311	4.104
59.775	-6.066	0.311	4.104
59.877	-6.065	0.311	4.105
59.982	-6.064	0.311	4.106
60.083	-6.063	0.311	4.107
60.201	-6.062	0.311	4.108
60.302	-6.061	0.311	4.109
60.404	-6.060	0.311	4.109
60.505	-6.059	0.311	4.110
60.609	-6.059	0.311	4.110
60.724	-6.058	0.311	4.111
60.827	-6.057	0.311	4.111
60.928	-6.057	0.311	4.111
61.033	-6.057	0.311	4.112
61.139	-6.056	0.311	4.112
61.247	-6.056	0.311	4.112
61.354	-6.055	0.311	4.113
61.456	-6.055	0.311	4.113
61.568	-6.055	0.311	4.113
61.671	-6.054	0.311	4.113
61.788	-6.054	0.311	4.114
61.898	-6.054	0.311	4.114
62.008	-6.054	0.311	4.114
62.112	-6.054	0.311	4.114
62.213	-6.054	0.311	4.114
62.327	-6.053	0.311	4.114
62.430	-6.053	0.311	4.114
62.543	-6.053	0.311	4.114
62.663	-6.053	0.311	4.115
62.769	-6.053	0.311	4.115
62.876	-6.053	0.311	4.115
62.983	-6.053	0.311	4.115
63.087	-6.053	0.311	4.115
63.198	-6.053	0.311	4.115
63.301	-6.053	0.311	4.115
63.413	-6.052	0.311	4.115
63.514	-6.052	0.311	4.115
63.619	-6.052	0.311	4.115
63.730	-6.052	0.311	4.115
63.830	-6.052	0.311	4.115
63.939	-6.052	0.311	4.115
64.049	-6.053	0.311	4.115
64.166	-6.054	0.311	4.114
64.286	-6.056	0.311	4.113
64.405	-6.057	0.311	4.111
64.507	-6.059	0.311	4.110
64.620	-6.061	0.311	4.109
64.722	-6.063	0.311	4.107
64.824	-6.065	0.311	4.105
64.941	-6.068	0.311	4.103
65.043	-6.071	0.311	4.101
65.146	-6.076	0.311	4.097
65.256	-6.081	0.310	4.093
65.361	-6.087	0.310	4.089
65.477	-6.094	0.310	4.084
65.580	-6.100	0.310	4.079
65.684	-6.107	0.309	4.074
65.803	-6.116	0.309	4.067
65.905	-6.125	0.309	4.061
66.020	-6.134	0.308	4.054
66.123	-6.143	0.308	4.047
66.233	-6.153	0.308	4.040
66.342	-6.164	0.307	4.032
66.464	-6.177	0.307	4.022
66.570	-6.189	0.307	4.013
66.685	-6.201	0.306	4.004
66.790	-6.214	0.306	3.994
66.892	-6.227	0.305	3.985
67.010	-6.242	0.305	3.974
67.115	-6.253	0.304	3.966
67.220	-6.264	0.304	3.958
67.334	-6.275	0.303	3.949
67.451	-6.287	0.303	3.941
67.558	-6.298	0.303	3.933
67.668	-6.309	0.302	3.925
67.771	-6.319	0.302	3.917
67.880	-6.330	0.302	3.909
67.984	-6.340	0.301	3.902
68.093	-6.346	0.301	3.897
68.201	-6.351	0.301	3.894
68.322	-6.356	0.301	3.890
68.426	-6.359	0.301	3.888
68.548	-6.362	0.300	3.886
68.649	-6.363	0.300	3.885
68.765	-6.363	0.300	3.885
68.870	-6.363	0.300	3.885
68.971	-6.361	0.300	3.887
69.073	-6.359	0.301	3.888
69.185	-6.357	0.301	3.890
69.285	-6.353	0.301	3.892
69.393	-6.349	0.301	3.895
69.502	-6.344	0.301	3.899
69.611	-6.338	0.301	3.903
69.712	-6.332	0.302	3.908
69.816	-6.325	0.302	3.913
69.928	-6.316	0.302	3.919
70.031	-6.310	0.302	3.924
70.132	-6.306	0.302	3.926
70.243	-6.303	0.302	3.929
70.353	-6.301	0.303	3.931
70.455	-6.299	0.303	3.932
70.576	-6.297	0.303	3.934
70.690	-6.295	0.303	3.935
70.792	-6.294	0.303	3.936
70.895	-6.293	0.303	3.936
71.015	-6.294	0.303	3.936
71.118	-6.299	0.303	3.932
71.226	-6.306	0.302	3.927
71.339	-6.314	0.302	3.921
71.440	-6.323	0.302	3.915
71.559	-6.334	0.301	3.906
71.674	-6.347	0.301	3.897
71.795	-6.363	0.300	3.885
71.910	-6.379	0.300	3.873
72.018	-6.394	0.299	3.862
72.133	-6.411	0.299	3.850
72.239	-6.427	0.298	3.838
72.352	-6.445	0.298	3.826
72.455	-6.462	0.297	3.813
72.568	-6.482	0.296	3.799
72.670	-6.501	0.296	3.785
72.771	-6.520	0.295	3.772
72.883	-6.542	0.294	3.756
72.986	-6.564	0.294	3.740
73.100	-6.579	0.293	3.729
73.204	-6.593	0.293	3.719
73.306	-6.605	0.292	3.710
73.424	-6.619	0.292	3.701
73.541	-6.631	0.291	3.692
73.662	-6.643	0.291	3.683
73.780	-6.654	0.291	3.676
73.883	-6.662	0.290	3.670
73.999	-6.671	0.290	3.664
74.105	-6.672	0.290	3.663
74.219	-6.672	0.290	3.663
74.342	-6.669	0.290	3.665
74.447	-6.665	0.290	3.668
74.551	-6.659	0.290	3.672
74.674	-6.650	0.291	3.679
74.792	-6.639	0.291	3.687
74.899	-6.626	0.291	3.696
75.014	-6.612	0.292	3.706
75.126	-6.598	0.292	3.716
75.229	-6.584	0.293	3.726
75.341	-6.567	0.293	3.737
75.465	-6.547	0.294	3.752
75.566	-6.529	0.295	3.765
75.681	-6.508	0.295	3.780
75.784	-6.487	0.296	3.795
75.889	-6.465	0.297	3.811
75.996	-6.441	0.298	3.828
76.103	-6.423	0.298	3.842
76.222	-6.402	0.299	3.857
76.329	-6.383	0.300	3.871
76.434	-6.365	0.300	3.884
76.553	-6.343	0.301	3.900
76.665	-6.323	0.302	3.914
76.772	-6.304	0.302	3.929
76.874	-6.286	0.303	3.941
76.992	-6.265	0.304	3.957
77.097	-6.251	0.304	3.968
77.218	-6.234	0.305	3.980
77.326	-6.220	0.305	3.990
77.437	-6.207	0.306	4.000
77.538	-6.195	0.306	4.008
77.658	-6.182	0.307	4.018
77.761	-6.172	0.307	4.026
77.862	-6.162	0.307	4.033
77.972	-6.153	0.308	4.040
78.092	-6.142	0.308	4.048
78.199	-6.134	0.308	4.054
78.311	-6.127	0.309	4.060
78.425	-6.119	0.309	4.065
78.532	-6.113	0.309	4.070
78.634	-6.108	0.309	4.073
78.745	-6.103	0.310	4.077
78.846	-6.099	0.310	4.080
78.962	-6.095	0.310	4.083
79.064	-6.091	0.310	4.086
79.167	-6.088	0.310	4.089
79.288	-6.084	0.310	4.092
79.391	-6.080	0.310	4.094
79.494	-6.078	0.310	4.096
79.611	-6.075	0.311	4.098
79.730	-6.073	0.311	4.100
79.831	-6.071	0.311	4.101
79.956	-6.070	0.311	4.102
80.075	-6.068	0.311	4.103
80.182	-6.066	0.311	4.105
80.288	-6.065	0.311	4.106
80.394	-6.063	0.311	4.107
80.506	-6.062	0.311	4.108
80.607	-6.061	0.311	4.108
80.710	-6.060	0.311	4.109
80.829	-6.060	0.311	4.110
80.948	-6.059	0.311	4.110
81.050	-6.058	0.311	4.110
81.158	-6.058	0.311	4.111
81.263	-6.057	0.311	4.111
81.379	-6.056	0.311	4.112
81.498	-6.056	0.311	4.112
81.605	-6.056	0.311	4.113
81.714	-6.055	0.311	4.113
81.821	-6.055	0.311	4.113
81.943	-6.055	0.311	4.113
82.047	-6.054	0.311	4.113
82.160	-6.054	0.311	4.114
82.279	-6.054	0.311	4.114
82.381	-6.054	0.311	4.114
82.496	-6.054	0.311	4.114
82.603	-6.053	0.311	4.114
82.705	-6.053	0.311	4.114
82.808	-6.053	0.311	4.114
82.927	-6.053	0.311	4.114
83.034	-6.053	0.311	4.115
83.136	-6.053	0.311	4.115
83.251	-6.053	0.311	4.115
83.368	-6.053	0.311	4.115
83.468	-6.053	0.311	4.115
83.573	-6.053	0.311	4.115
83.692	-6.053	0.311	4.115
83.796	-6.052	0.311	4.115
83.912	-6.052	0.311	4.115
84.017	-6.052	0.311	4.115
84.122	-6.052	0.311	4.115
84.240	-6.052	0.311	4.115
84.345	-6.052	0.311	4.115
84.450	-6.052	0.311	4.115
84.566	-6.052	0.311	4.115
84.680	-6.052	0.311	4.115
84.799	-6.052	0.311	4.115
84.902	-6.052	0.311	4.115
85.017	-6.052	0.311	4.115
85.127	-6.052	0.311	4.115
85.249	-6.052	0.311	4.115
85.369	-6.052	0.311	4.115
85.475	-6.052	0.311	4.115
85.594	-6.052	0.311	4.115
85.703	-6.052	0.311	4.115
85.810	-6.052	0.311	4.115
85.924	-6.052	0.311	4.115
86.049	-6.052	0.311	4.115
86.167	-6.052	0.311	4.115
86.281	-6.052	0.311	4.115
86.397	-6.052	0.311	4.115
86.503	-6.052	0.311	4.115
86.619	-6.052	0.311	4.115
86.725	-6.052	0.311	4.115
86.834	-6.052	0.311	4.115
86.938	-6.052	0.311	4.115
87.060	-6.052	0.311	4.115
87.171	-6.052	0.311	4.115
87.271	-6.052	0.311	4.115
87.383	-6.052	0.311	4.115
87.486	-6.052	0.311	4.115
87.598	-6.052	0.311	4.115
87.710	-6.052	0.311	4.115
87.829	-6.052	0.311	4.115
87.936	-6.052	0.311	4.115
88.037	-6.052	0.311	4.116
88.156	-6.050	0.311	4.116
88.271	-6.049	0.311	4.117
88.373	-6.048	0.312	4.119
88.495	-6.046	0.312	4.120
88.596	-6.044	0.312	4.121
88.710	-6.042	0.312	4.123
88.812	-6.039	0.312	4.125
88.919	-6.037	0.312	4.127
89.033	-6.033	0.312	4.129
89.142	-6.027	0.312	4.134
89.267	-6.020	0.313	4.140
89.368	-6.013	0.313	4.145
89.471	-6.005	0.313	4.151
89.575	-5.997	0.313	4.157
89.688	-5.987	0.314	4.164
89.789	-5.977	0.314	4.172
89.899	-5.966	0.314	4.180
90.001	-5.956	0.315	4.188
90.103	-5.946	0.315	4.195
90.217	-5.933	0.316	4.205
90.324	-5.921	0.316	4.214
90.442	-5.908	0.317	4.225
90.552	-5.895	0.317	4.234
90.667	-5.880	0.318	4.245
90.774	-5.867	0.318	4.256
90.881	-5.853	0.319	4.266
90.988	-5.838	0.319	4.278
91.105	-5.827	0.320	4.286
91.218	-5.818	0.320	4.293
91.319	-5.809	0.320	4.300
91.422	-5.802	0.320	4.306
91.533	-5.794	0.321	4.312
91.635	-5.788	0.321	4.316
91.750	-5.781	0.321	4.322
91.851	-5.776	0.321	4.326
91.960	-5.770	0.322	4.330
92.071	-5.772	0.322	4.329
92.176	-5.778	0.321	4.324
92.296	-5.787	0.321	4.317
92.408	-5.798	0.321	4.308
92.522	-5.812	0.320	4.297
92.626	-5.828	0.320	4.286
92.729	-5.844	0.319	4.273
92.845	-5.866	0.318	4.256
92.952	-5.888	0.317	4.239
93.055	-5.913	0.316	4.220
93.167	-5.944	0.315	4.197
93.269	-5.976	0.314	4.172
93.385	-6.012	0.313	4.146
93.502	-6.058	0.311	4.111
93.608	-6.100	0.310	4.079
93.716	-6.146	0.308	4.045
93.834	-6.201	0.306	4.004
93.936	-6.250	0.304	3.968
94.054	-6.310	0.302	3.924
94.163	-6.373	0.300	3.878
94.277	-6.440	0.298	3.829
94.384	-6.507	0.295	3.781
94.495	-6.578	0.293	3.730
94.600	-6.653	0.291	3.676
94.709	-6.731	0.288	3.621
94.813	-6.809	0.285	3.566
94.923	-6.898	0.282	3.504
95.029	-6.985	0.280	3.444
95.135	-7.077	0.277	3.381
95.243	-7.172	0.274	3.315
95.351	-7.275	0.270	3.246
95.457	-7.375	0.267	3.178
95.561	-7.480	0.264	3.109
95.675	-7.597	0.261	3.031
95.779	-7.712	0.257	2.956
95.888	-7.834	0.254	2.876
95.989	-7.953	0.250	2.800
96.106	-8.090	0.246	2.713
96.211	-8.223	0.243	2.629
96.314	-8.355	0.239	2.546
96.422	-8.497	0.235	2.458
96.525	-8.642	0.231	2.369
96.633	-8.795	0.227	2.276
96.744	-8.951	0.223	2.182
96.853	-9.116	0.219	2.083
96.972	-9.303	0.214	1.972
97.076	-9.467	0.210	1.877
97.184	-9.634	0.206	1.780
97.291	-9.808	0.202	1.681
97.397	-9.985	0.198	1.580
97.509	-10.175	0.194	1.473
97.625	-10.376	0.189	1.362
97.744	-10.586	0.185	1.246
97.845	-10.776	0.181	1.142
97.949	-10.966	0.177	1.040
98.069	-11.145	0.173	0.945
98.170	-11.311	0.170	0.857
98.276	-11.456	0.167	0.781
98.393	-11.616	0.164	0.697
98.497	-11.754	0.162	0.626
98.603	-11.888	0.159	0.557
98.708	-12.016	0.157	0.491
98.814	-12.138	0.155	0.429
98.920	-12.257	0.152	0.369
99.023	-12.359	0.151	0.318
99.138	-12.467	0.149	0.263
99.245	-12.562	0.147	0.216
99.354	-12.647	0.146	0.174
99.458	-12.724	0.144	0.135
99.574	-12.799	0.143	0.098
99.677	-12.860	0.142	0.069
99.783	-12.916	0.141	0.041
99.903	-12.967	0.140	0.016
100.013	-12.993	0.140	0.004
100.122	-12.961	0.141	0.019
100.239	-12.936	0.141	0.031
100.348	-12.922	0.141	0.038
100.456	-12.915	0.141	0.041
100.570	-12.917	0.141	0.041
100.689	-12.929	0.141	0.035
100.792	-12.947	0.141	0.026
100.913	-12.975	0.140	0.012
